1,233811
2,234498
3,235061
4,236252
5,237393
6,239527
7,239865
8,239990
9,240177
10,240371
11,240403
12,240425
13,240446
14,240469
15,240493
16,240526
17,240936
18,240961
19,241016
20,241042
21,241055
22,241057
23,241057
24,241163
25,241163
26,241220
27,241235
28,241242
29,241439
30,241439
31,241441
32,241455
33,241486
34,241486
35,241498
36,241512
37,241533
38,241533
39,241533
40,242511
41,242512
42,242568
43,242664
44,242676
45,242687
46,242688
47,242692
48,242735
49,242735
50,242983
51,242983
52,242983
53,242988
54,242998
55,243002
56,243002
57,243013
58,243013
59,243050
60,243055
61,243059
62,243059
63,243076
64,243076
65,243090
66,243117
67,243117
68,243117
69,243119
70,243121
71,243126
72,243128
73,243128
74,243129
75,243129
76,243129
77,243131
78,243131
79,243131
80,243133
81,243142
82,243142
83,243152
84,243152
85,243153
86,243160
87,243160
88,243382
89,243389
90,243400
91,243413
92,243423
93,243423
94,243426
95,243433
96,243433
97,243482
98,243482
99,243482
100,243482