1,130590
2,132215
3,134753
4,135742
5,136350
6,136734
7,138722
8,138833
9,138967
10,139858
11,140021
12,140684
13,141019
14,141750
15,141768
16,142767
17,143059
18,143475
19,143502
20,143623
21,151401
22,151524
23,173046
24,173080
25,173505
26,173830
27,174076
28,174076
29,174088
30,174170
31,174619
32,174726
33,174801
34,175006
35,175084
36,175084
37,175170
38,175170
39,175170
40,175215
41,175924
42,175965
43,175970
44,176013
45,176131
46,176175
47,176655
48,176655
49,177112
50,177176
51,177176
52,177177
53,177268
54,177320
55,179760
56,180586
57,180608
58,180608
59,180761
60,181278
61,181425
62,181586
63,181586
64,181586
65,181607
66,181607
67,181607
68,181607
69,181628
70,181628
71,181628
72,181768
73,181768
74,181768
75,181815
76,181823
77,181823
78,181853
79,181853
80,181859
81,181859
82,181866
83,181935
84,181953
85,181953
86,181970
87,181970
88,181974
89,181974
90,182094
91,182099
92,182099
93,182676
94,182723
95,182723
96,182931
97,182931
98,182931
99,182931
100,182960