1,125897
2,128289
3,130478
4,132494
5,133603
6,134413
7,135834
8,136097
9,140828
10,141489
11,151555
12,151876
13,151913
14,152054
15,152777
16,153585
17,153803
18,175168
19,175324
20,175645
21,175741
22,175895
23,176333
24,176756
25,176827
26,176929
27,177221
28,177263
29,177289
30,177425
31,177786
32,178090
33,178121
34,178246
35,178309
36,178328
37,179039
38,179082
39,179091
40,179199
41,179203
42,179384
43,179404
44,179426
45,182033
46,182146
47,182989
48,182989
49,183083
50,183177
51,183342
52,183354
53,183361
54,183367
55,183367
56,183376
57,183389
58,183436
59,183539
60,183539
61,183594
62,183594
63,183637
64,183642
65,183652
66,183694
67,183703
68,183723
69,183817
70,184000
71,184059
72,184066
73,184093
74,184146
75,184146
76,184149
77,184170
78,184191
79,184482
80,184529
81,184529
82,184653
83,184657
84,184666
85,184666
86,184877
87,184877
88,184887
89,184894
90,184894
91,186375
92,186375
93,186377
94,186535
95,186547
96,186547
97,186547
98,187361
99,187388
100,187441